[5, 14, 15, 23, 27, 32, 33, 42, 48, 59, 61, 68, 69, 72, 79, 80, 85, 89, 96]
[102, 114, 152, 155, 156, 170, 178, 213, 219, 226, 231, 232, 233, 235, 251, 265, 266, 279, 286
, 287, 289, 290, 291, 293, 296, 307, 314, 315, 316, 317, 320, 321, 322, 323, 326, 327, 329, 333, 334
, 335, 337, 338, 347, 348, 351, 352, 353, 358, 359, 360, 361, 362, 363, 364, 365, 367, 380, 381, 383
, 390, 392, 403, 404, 406, 407, 408, 409, 414, 415, 416, 417, 418, 419, 420, 421, 423, 428, 429, 430
, 433, 434, 435, 436, 439, 442, 443, 444, 445, 456, 462, 466, 508, 576, 577, 595, 596, 668, 671, 672
, 675, 676, 678, 680, 681, 685, 689, 721, 995, 1010, 1011, 1022, 1074, 1076, 1081, 1199, 1205, 1206,
 1210, 1226, 1227, 1228, 1229, 1253, 1254, 1277, 1308, 1339, 1346, 1411, 1413, 1414, 1415, 1416, 1417,
  1421, 1422, 1439, 1440]  

  5, 14, 15, 23, 27, 32, 33, 42, 48, 59, 61, 68, 69, 72, 79, 80, 85, 89, 96, 102, 114, 152, 155, 156, 170, 178, 213, 219, 226, 231, 232, 233, 235, 251, 265, 266, 279
  , 286, 287, 289, 290, 291, 293, 296, 307, 314, 315, 316, 317, 320, 321, 322, 323, 326, 327, 329, 333, 334, 335, 337, 338
  , 347, 348, 351, 352, 353, 358, 359, 360, 361, 362, 363, 364, 365, 367, 380, 381, 383, 390, 392, 403, 404, 406, 407, 408, 409
  , 414, 415, 416, 417, 418, 419, 420
  , 421, 423, 428, 429, 430, 433, 434, 435, 436, 439, 442, 443, 444, 445, 456, 462, 466, 508, 576, 577, 595, 596, 668, 671, 672, 675, 676, 678
  , 680, 681, 685, 689, 721, 995, 1010, 1011, 1022, 1074, 1076, 1081, 1199, 1205, 1206, 1210, 1226, 1227, 1228, 1229, 1253, 1254, 1277, 1308, 1339, 1346
  1411, 1413, 1414, 1415, 1416, 1417, 1421, 1422, 1439, 1440, 1645, 1769, 2013, 2111, 2112, 2113, 2117, 2118, 2122, 2129, 2130, 2131
  , 2147, 2148, 2151, 2152, 2155, 2169, 2174, 2175, 2176, 2186, 2188, 2196, 2214, 2223, 2244, 2266, 2308, 2336, 2350, 2371, 2375, 2469
  , 2670, 2918, 2919, 2922, 2923, 2924, 2928, 2935, 2938, 2942, 2948, 2953, 2959, 2962, 2971, 2973, 2977, 2985, 2998, 3059, 3088, 3090
  , 3091, 3092, 3093, 3096, 3097, 3105, 3115, 3122, 3123, 3129, 3133, 3136, 3145, 3146, 3147, 3154, 3165, 3172, 3174, 3181, 3197
  3228, 3229, 3232, 3242, 3243, 3245, 3246, 3266, 3565, 3647, 3988, 4181, 4182, 4292, 4293, 4294, 4295, 4296, 4298, 4299

4934, 4936, 4937, 4938, 5318, 5385, 5386, 5387, 5388, 5389, 5390, 5391, 5392, 5393, 5394, 5397, 5398, 5400, 5401, 5402
[6149, 6242, 6243, 6248, 6450, 6492, 6493, 6494, 6495, 6497, 6498, 6499, 6500]